-0.000268,
-0.000041,
0.000242,
0.000398,
0.000271,
-0.000134,
-0.000575,
-0.000675,
-0.000217,
0.000592,
0.001154,
0.000900,
-0.000185,
-0.001397,
-0.001744,
-0.000743,
0.001059,
0.002339,
0.001975,
0.000001,
-0.002241,
-0.003018,
-0.001556,
0.001239,
0.003329,
0.003058,
0.000470,
-0.002605,
-0.003875,
-0.002320,
0.000975,
0.003594,
0.003594,
0.000975,
-0.002320,
-0.003875,
-0.002605,
0.000470,
0.003058,
0.003329,
0.001239,
-0.001556,
-0.003018,
-0.002241,
0.000001,
0.001975,
0.002339,
0.001059,
-0.000743,
-0.001744,
-0.001397,
-0.000185,
0.000900,
0.001154,
0.000592,
-0.000217,
-0.000675,
-0.000575,
-0.000134,
0.000271,
0.000398,
0.000242,
-0.000041,
-0.000268,
