-0.000154,
-0.000326,
-0.000130,
0.000274,
0.000439,
0.000067,
-0.000538,
-0.000630,
0.000111,
0.000961,
0.000791,
-0.000488,
-0.001481,
-0.000795,
0.001084,
0.001982,
0.000542,
-0.001843,
-0.002319,
0.000010,
0.002642,
0.002363,
-0.000819,
-0.003320,
-0.002045,
0.001769,
0.003720,
0.001370,
-0.002699,
-0.003728,
-0.000379,
0.003570,
0.003570,
-0.000379,
-0.003728,
-0.002699,
0.001370,
0.003720,
0.001769,
-0.002045,
-0.003320,
-0.000819,
0.002363,
0.002642,
0.000010,
-0.002319,
-0.001843,
0.000542,
0.001982,
0.001084,
-0.000795,
-0.001481,
-0.000488,
0.000791,
0.000961,
0.000111,
-0.000630,
-0.000538,
0.000067,
0.000439,
0.000274,
-0.000130,
-0.000326,
-0.000154,
