0.000308,
0.000239,
-0.000066,
-0.000372,
-0.000375,
0.000033,
0.000558,
0.000656,
0.000056,
-0.000817,
-0.001079,
-0.000249,
0.001081,
0.001608,
0.000572,
-0.001285,
-0.002188,
-0.001022,
0.001371,
0.002746,
0.001571,
-0.001303,
-0.003209,
-0.002165,
0.001069,
0.003511,
0.002738,
-0.000687,
-0.003605,
-0.003226,
0.000157,
0.003371,
0.003371,
0.000157,
-0.003226,
-0.003605,
-0.000687,
0.002738,
0.003511,
0.001069,
-0.002165,
-0.003209,
-0.001303,
0.001571,
0.002746,
0.001371,
-0.001022,
-0.002188,
-0.001285,
0.000572,
0.001608,
0.001081,
-0.000249,
-0.001079,
-0.000817,
0.000056,
0.000656,
0.000558,
0.000033,
-0.000375,
-0.000372,
-0.000066,
0.000239,
0.000308,
